-3.825710130000000000e+08
-7.314831240000000000e+08
7.023676260000000000e+08
2.046083100000000000e+08
-8.558186430000000000e+08
4.376127390000000000e+08
5.287015530000000000e+08
-8.338810870000000000e+08
9.493985800000000000e+07
7.626303130000000000e+08
-6.664929490000000000e+08
-2.632692740000000000e+08
8.641308760000000000e+08
-3.844940210000000000e+08
-5.753879640000000000e+08
8.150810600000000000e+08
-3.523332500000000000e+07
-7.884263240000000000e+08
6.253656830000000000e+08
3.207523700000000000e+08
-8.660148450000000000e+08
3.284233680000000000e+08
6.193748660000000000e+08
-7.925133630000000000e+08
-2.515370700000000000e+07
8.108718530000000000e+08
-5.819112720000000000e+08
-3.750993820000000000e+08
8.632228060000000000e+08
-2.719623420000000000e+08
-6.599088830000000000e+08
7.668111420000000000e+08
8.571309400000000000e+07
-8.306044600000000000e+08
5.359623430000000000e+08
4.288145000000000000e+08
-8.572726470000000000e+08
2.134979430000000000e+08
6.973343220000000000e+08
-7.363206860000000000e+08
-1.448766800000000000e+08
8.447474200000000000e+08
-4.885022180000000000e+08
-4.790140890000000000e+08
8.481247260000000000e+08
-1.551948220000000000e+08
-7.324488650000000000e+08
7.028414830000000000e+08
2.054268160000000000e+08
-8.563296750000000000e+08
4.371417480000000000e+08
5.288563050000000000e+08
-8.337954590000000000e+08
9.535407600000000000e+07
7.622293370000000000e+08
-6.660539390000000000e+08
-2.628972160000000000e+08
8.627157180000000000e+08
-3.834987750000000000e+08
-5.757403440000000000e+08
8.145908880000000000e+08
-3.408902700000000000e+07
-7.883630990000000000e+08
6.249597360000000000e+08
3.194189930000000000e+08
-8.644903160000000000e+08
3.283307220000000000e+08
6.194483740000000000e+08
-7.926454040000000000e+08
-2.622937100000000000e+07
8.120254220000000000e+08
-5.828567600000000000e+08
-3.747431620000000000e+08
8.639657680000000000e+08
-2.718699680000000000e+08
-6.600417010000000000e+08
7.665979390000000000e+08
8.537712900000000000e+07
-8.318900950000000000e+08
5.376215090000000000e+08
4.293644800000000000e+08
-8.583775770000000000e+08
2.142366820000000000e+08
6.970038580000000000e+08
-7.365313360000000000e+08
-1.450986620000000000e+08
8.453078410000000000e+08
-4.880750360000000000e+08
-4.800552900000000000e+08
8.479103410000000000e+08
-1.551827590000000000e+08
-7.307577550000000000e+08
7.027254300000000000e+08
2.041140230000000000e+08
-8.564517300000000000e+08
4.364369520000000000e+08
5.297085820000000000e+08
-8.326837780000000000e+08
9.533029700000000000e+07
7.618863410000000000e+08
-6.665714260000000000e+08
-2.634699800000000000e+08
8.631565750000000000e+08
-3.831681410000000000e+08
-5.755744090000000000e+08
8.148917900000000000e+08
-3.503927000000000000e+07
-7.886443190000000000e+08
6.257167030000000000e+08
3.198230100000000000e+08
-8.651064480000000000e+08
3.280530540000000000e+08
6.196416660000000000e+08
-7.922269450000000000e+08
-2.644204000000000000e+07
8.115849250000000000e+08
-5.823628580000000000e+08
-3.742047340000000000e+08
8.634304490000000000e+08
-2.719092810000000000e+08
-6.602386860000000000e+08
7.659549840000000000e+08
8.643255600000000000e+07
-8.307425680000000000e+08
5.357032850000000000e+08
4.289566010000000000e+08
-8.564093180000000000e+08
2.128805240000000000e+08
