-4.818860100000000000e+08
8.516044690000000000e+08
-1.499096170000000000e+08
-8.158463880000000000e+08
3.454602410000000000e+08
7.328915620000000000e+08
-5.202849000000000000e+08
-6.097476480000000000e+08
6.657591570000000000e+08
4.509541900000000000e+08
-7.732691850000000000e+08
-2.657215610000000000e+08
8.365180170000000000e+08
6.610570500000000000e+07
-8.525942660000000000e+08
1.372853470000000000e+08
8.204841310000000000e+08
-3.333999070000000000e+08
-7.407509260000000000e+08
5.098661470000000000e+08
6.186600130000000000e+08
-6.568578780000000000e+08
-4.616566180000000000e+08
7.670497140000000000e+08
2.784149000000000000e+08
-8.338754000000000000e+08
-7.966776500000000000e+07
8.525996160000000000e+08
-1.230178670000000000e+08
-8.231029890000000000e+08
3.199664100000000000e+08
7.470604510000000000e+08
-4.994109010000000000e+08
-6.280436890000000000e+08
6.482794510000000000e+08
4.736375220000000000e+08
-7.600894140000000000e+08
-2.916653790000000000e+08
8.298856170000000000e+08
9.342684600000000000e+07
-8.534733540000000000e+08
1.102234520000000000e+08
8.272458510000000000e+08
-3.081986240000000000e+08
-7.523326120000000000e+08
4.875564670000000000e+08
6.353576570000000000e+08
-6.388970710000000000e+08
-4.839428220000000000e+08
7.549531270000000000e+08
3.058560070000000000e+08
-8.281933150000000000e+08
-1.081194020000000000e+08
8.532816830000000000e+08
-9.692326500000000000e+07
-8.302112980000000000e+08
2.952519440000000000e+08
7.598786050000000000e+08
-4.758859400000000000e+08
-6.462208530000000000e+08
6.304699200000000000e+08
4.957312610000000000e+08
-7.494133340000000000e+08
-3.165316060000000000e+08
8.243081840000000000e+08
1.202537770000000000e+08
-8.524383390000000000e+08
8.244615900000000000e+07
8.323148780000000000e+08
-2.816383470000000000e+08
-7.649470560000000000e+08
4.649694170000000000e+08
6.546244040000000000e+08
-6.209538050000000000e+08
-5.068894680000000000e+08
7.421663450000000000e+08
3.299568330000000000e+08
-8.208715810000000000e+08
-1.347097860000000000e+08
8.519668820000000000e+08
-6.859834700000000000e+07
-8.353112140000000000e+08
2.688016200000000000e+08
7.718908860000000000e+08
-4.535950100000000000e+08
-6.636165060000000000e+08
6.116110240000000000e+08
5.173910830000000000e+08
-7.351579540000000000e+08
-3.419926230000000000e+08
8.173417090000000000e+08
1.470580930000000000e+08
-8.520931780000000000e+08
5.613575100000000000e+07
8.380352580000000000e+08
-2.562470570000000000e+08
-7.770289040000000000e+08
4.413433120000000000e+08
6.722147770000000000e+08
-6.017395370000000000e+08
-5.283582060000000000e+08
7.280534010000000000e+08
3.553357620000000000e+08
-8.124712330000000000e+08
-1.619095210000000000e+08
8.501754130000000000e+08
-4.182619500000000000e+07
-8.404747260000000000e+08
2.428679050000000000e+08
7.837193660000000000e+08
-4.301033030000000000e+08
-6.813655930000000000e+08
5.927516740000000000e+08
5.391714830000000000e+08
-7.207740510000000000e+08
-3.666061520000000000e+08
8.080369840000000000e+08
1.738729440000000000e+08
-8.497197740000000000e+08
2.862500700000000000e+07
8.431231630000000000e+08
-2.294063670000000000e+08
-7.886131400000000000e+08
4.171479600000000000e+08
6.887200000000000000e+08
-5.819117390000000000e+08
-5.494184960000000000e+08
7.131833270000000000e+08
