7.706616974153482240e+17
-7.760803590453329920e+17
1.730295581895426048e+18
4.175936712824586240e+17
-1.812032655871049728e+18
-4.353277663694028800e+16
1.813987618969026560e+18
-3.260579810791915520e+17
-1.736702706744950784e+18
6.752014170812579840e+17
1.585564546255618048e+18
-9.897908249277890560e+17
-1.371989860943790080e+18
1.253986294287237120e+18
1.108921825582645248e+18
-1.458442112947388416e+18
-8.101320755988398080e+17
1.601144046242758656e+18
4.896144572278374400e+17
-1.678090077678075904e+18
-1.620007574319923200e+17
1.689872993453277184e+18
-1.605990664769372160e+17
-1.642460117051047936e+18
4.683709239379230720e+17
1.542206591600558080e+18
-7.527896126226432000e+17
-1.393122286580924416e+18
1.006405167765258240e+18
1.200371455271501824e+18
-1.224379808007454720e+18
-9.714406506128998400e+17
1.402182305844232192e+18
7.136723074641428480e+17
-1.535321967206989824e+18
-4.321617926057492480e+17
1.621305034737778688e+18
1.316245215484968960e+17
-1.656422690022752256e+18
1.777679590918062080e+17
1.637869301426683904e+18
-4.886258851936993280e+17
-1.559787163748532224e+18
7.914084119929159680e+17
1.422662245559173120e+18
-1.075300918561865728e+18
-1.228381043638796288e+18
1.328635357480943616e+18
9.807397828467097600e+17
-1.539353011099860992e+18
-6.866372075809669120e+17
1.692691127964925952e+18
3.538594712660213760e+17
-1.778483735079944192e+18
3.285590172368896000e+15
1.794067578098286592e+18
-3.702641118537318400e+17
-1.730351993154174976e+18
7.287980376555520000e+17
1.588041798694535168e+18
-1.057995047154417664e+18
-1.376284359249100800e+18
1.342478768768811008e+18
1.101600768196608000e+18
-1.232059776117571584e+18
1.473611109614485504e+18
9.295419641534873600e+17
-1.664380177767989248e+18
-5.860214109835755520e+17
1.779126394152812544e+18
2.184798390237265920e+17
-1.813220628393099264e+18
1.518490279818035200e+17
1.769673279840059392e+18
-5.069442270122475520e+17
-1.653358518908485632e+18
8.350100277081538560e+17
1.469484120027758592e+18
-1.119183777905704960e+18
-1.231674964532264960e+18
1.348011157467693056e+18
9.541623754451845120e+17
-1.517108075784044544e+18
-6.502831643022458880e+17
1.625234525727817728e+18
3.317842274962636800e+17
-1.671669473970356224e+18
-1.245597035790336000e+16
1.659671938663186432e+18
-2.978993653353021440e+17
-1.592866514471485440e+18
5.917395525242060800e+17
1.474457696734347264e+18
-8.604429565944135680e+17
-1.310361910382100480e+18
1.099669324957548544e+18
1.105827845597757440e+18
-1.303973340442591232e+18
-8.656795051313070080e+17
1.467017266863341568e+18
5.978554277335531520e+17
-1.587209621938438144e+18
-3.057492873598730240e+17
1.655882633754050560e+18
-3.122233005309952000e+15
-1.669360903904493568e+18
3.205670070125199360e+17
1.625320424094171136e+18
-6.369368568350638080e+17
-1.518678806198878208e+18
9.386822970039992320e+17
1.352997583644524544e+18
-1.216757697170898944e+18
-1.128515215001452544e+18
1.455435755245666304e+18
8.476800585060843520e+17
-1.638243597840285696e+18
-5.244578408847114240e+17
1.760604967389626368e+18
1.711618936156323840e+17
-1.811862293246115840e+18
1.972152352466534400e+17
1.781726285278871552e+18
-5.635342146657320960e+17
-1.670615376644145152e+18
9.108931558425231360e+17
1.483552792728174592e+18
-1.218634627541958656e+18
