3.825504729070960640e+17
-8.338414388700774400e+17
-1.214297161177104384e+18
1.761128566150856704e+18
-1.346909112259051520e+17
-1.657651323530248192e+18
1.402973651155746816e+18
5.844152898617999360e+17
-1.849729106949701632e+18
8.295791063046553600e+17
1.216054329855311872e+18
-1.758734682882703360e+18
1.278626620504801280e+17
1.660617408479494144e+18
-1.399922078130831360e+18
-5.883428657050419200e+17
1.850725841855381504e+18
-8.272961440715898880e+17
-1.216487789640679424e+18
1.759009713336877056e+18
-1.314559313916723200e+17
-1.658765301864267776e+18
1.401137216167673856e+18
5.858556605368238080e+17
-1.849696032909426688e+18
8.311598908998942720e+17
1.213001259899224064e+18
-1.760391602477727744e+18
1.353102457950699520e+17
1.655612740929454080e+18
-1.403038191769157632e+18
-5.802889983024824320e+17
1.848041723074904064e+18
-8.359429748876247040e+17
-1.207679526970458112e+18
1.761037794105622528e+18
-1.407220271762636800e+17
-1.653120902243549184e+18
1.406100231127760896e+18
5.764658825923133440e+17
-1.847956242529779712e+18
8.398437710559969280e+17
1.205183314710757376e+18
-1.764214254541078528e+18
1.454317575908884480e+17
1.652034975711232000e+18
-1.409229035904434176e+18
-5.722139763889930240e+17
1.847563422635130880e+18
-8.425303190785228800e+17
-1.203126520451301376e+18
1.764062120987852800e+18
-1.450043701933506560e+17
-1.655608176210608128e+18
1.409585562814513152e+18
5.771129157409832960e+17
-1.850311854025605120e+18
8.402685061136384000e+17
1.207585744331407360e+18
-1.764162142040621056e+18
1.414328577970667520e+17
1.657131031625465856e+18
-1.408734827056988160e+18
-5.828308946852904960e+17
1.642801797605949440e+18
1.686569017733283840e+17
-1.774068193230585856e+18
1.186546644309377024e+18
8.664961149532897280e+17
-1.846203008860160000e+18
5.464451202910781440e+17
1.427331788817170432e+18
-1.637894319046066176e+18
-1.758874818339143680e+17
1.773180720677650432e+18
-1.179618114613805056e+18
-8.703820523586846720e+17
1.845953693856890880e+18
-5.432572746631086080e+17
-1.429435595879546880e+18
1.636463409937842176e+18
1.763308920073748480e+17
-1.770820185226477568e+18
1.179533152731856896e+18
8.684428104965816320e+17
-1.846123025279483904e+18
5.445566891302584320e+17
1.428378258361745408e+18
-1.637505620238336000e+18
-1.729348405719203840e+17
1.770075350615457792e+18
-1.182441695983894528e+18
-8.650961516707184640e+17
1.844174912749699072e+18
-5.472846840392581120e+17
-1.424879073224556544e+18
1.639115148176523264e+18
1.690869966424637440e+17
-1.769077515524374528e+18
1.186085952024674304e+18
8.610399358429429760e+17
-1.845576875960238080e+18
5.526321475622010880e+17
1.422894115316367360e+18
-1.642475952382017536e+18
-1.633256785857740800e+17
1.767238198957441024e+18
-1.191137619796688896e+18
-8.563214296320573440e+17
1.845017540229136384e+18
-5.547698496859013120e+17
-1.420035154251284480e+18
1.641981636095442944e+18
1.625047082285137920e+17
-1.767217777375379456e+18
1.191406875419082752e+18
8.578130393690275840e+17
-1.847761632357777408e+18
5.552460662571008000e+17
1.422739874621489152e+18
-1.645323718345228288e+18
-1.657721248460308480e+17
1.771813324912590848e+18
-1.188299438921678848e+18
-8.610334739971440640e+17
1.847678986895753216e+18
-5.516162498307686400e+17
-1.425782272552206336e+18
