8.445552610000000000e+08
4.439353510000000000e+08
-8.098567960000000000e+08
-1.254232810000000000e+08
8.592292240000000000e+08
-2.110524040000000000e+08
-7.762698660000000000e+08
5.154083540000000000e+08
5.733680270000000000e+08
-7.405068540000000000e+08
-2.818157110000000000e+08
8.516036240000000000e+08
-5.280585600000000000e+07
-8.319525750000000000e+08
3.802073740000000000e+08
6.822997680000000000e+08
-6.484030650000000000e+08
-4.267332210000000000e+08
8.152381540000000000e+08
1.065952130000000000e+08
-8.570931300000000000e+08
2.300356070000000000e+08
7.676120760000000000e+08
-5.319868700000000000e+08
-5.590448120000000000e+08
7.518944090000000000e+08
2.630065690000000000e+08
-8.546281670000000000e+08
7.288314500000000000e+07
8.255938810000000000e+08
-3.970746740000000000e+08
-6.699325540000000000e+08
6.610893600000000000e+08
4.101800690000000000e+08
-8.229024990000000000e+08
-8.639230700000000000e+07
8.560044920000000000e+08
-2.495180940000000000e+08
-7.574342180000000000e+08
5.465516830000000000e+08
5.431136320000000000e+08
-7.601956540000000000e+08
-2.438744520000000000e+08
8.565704320000000000e+08
-9.346524700000000000e+07
-8.203480790000000000e+08
4.153092310000000000e+08
6.571361910000000000e+08
-6.727244530000000000e+08
-3.924608560000000000e+08
8.267347330000000000e+08
6.747938400000000000e+07
-8.534655040000000000e+08
2.679688230000000000e+08
7.483877090000000000e+08
-5.625793790000000000e+08
-5.270629970000000000e+08
7.693682430000000000e+08
2.251802260000000000e+08
-8.579108610000000000e+08
1.124376710000000000e+08
8.147537330000000000e+08
-4.332542850000000000e+08
-6.446196360000000000e+08
6.858528060000000000e+08
3.742084570000000000e+08
-8.322854900000000000e+08
-4.757746000000000000e+07
8.512706450000000000e+08
-2.868539360000000000e+08
-7.387739280000000000e+08
5.782767110000000000e+08
5.112432140000000000e+08
-7.791968450000000000e+08
-2.050106460000000000e+08
8.591394620000000000e+08
-1.330603970000000000e+08
-8.059428170000000000e+08
4.499753130000000000e+08
6.291607200000000000e+08
-6.970878540000000000e+08
-3.558193920000000000e+08
8.375600740000000000e+08
2.698128900000000000e+07
-8.483871720000000000e+08
3.056427370000000000e+08
7.277744780000000000e+08
-5.920240430000000000e+08
-4.945663130000000000e+08
7.868134680000000000e+08
1.856613200000000000e+08
-8.596111550000000000e+08
1.523124680000000000e+08
7.999583190000000000e+08
-4.670809960000000000e+08
-6.164947220000000000e+08
7.087671240000000000e+08
3.377228370000000000e+08
-8.416217420000000000e+08
-6.491757000000000000e+06
8.449079560000000000e+08
-3.253353920000000000e+08
-7.175259350000000000e+08
6.068778940000000000e+08
4.784848820000000000e+08
-7.939321540000000000e+08
-1.660209600000000000e+08
8.590806470000000000e+08
-1.720331590000000000e+08
-7.918056180000000000e+08
4.830204580000000000e+08
6.022207620000000000e+08
-7.199679770000000000e+08
-3.197221220000000000e+08
8.466590390000000000e+08
-1.338896500000000000e+07
-8.396726780000000000e+08
3.422954880000000000e+08
7.047277810000000000e+08
-6.193660950000000000e+08
-4.621932130000000000e+08
8.021099160000000000e+08
1.462805670000000000e+08
-8.586034970000000000e+08
1.913985640000000000e+08
7.832356540000000000e+08
-4.997990180000000000e+08
-5.869525310000000000e+08
