1.822372931222044672e+18
-1.491541432902156288e+18
-7.712045435117240320e+17
1.793918873404833792e+18
6.982598113053900800e+16
-1.820546662404325376e+18
6.404057306688389120e+17
1.570829816136335360e+18
-1.252554068238663680e+18
-1.083470588600778752e+18
1.677070707883048960e+18
4.284042480985702400e+17
-1.845092784866852864e+18
2.914519255266754560e+17
1.732736361989931008e+18
-9.685988026887700480e+17
-1.357233041562664960e+18
1.500749339041988608e+18
7.735170238623907840e+17
-1.805534216672903168e+18
-7.012512231600947200e+16
1.835345729695383552e+18
-6.458759583824609280e+17
-1.584280551528988672e+18
1.264885217758543872e+18
1.092157415441367040e+18
-1.692608147895615488e+18
-4.332362427355627520e+17
1.863059826536808448e+18
-2.937837512290467840e+17
-1.749096353220788224e+18
9.762352401422745600e+17
1.368082860758138880e+18
-1.509238584323080192e+18
-7.781411980164464640e+17
1.813242125714587648e+18
6.914143369448652800e+16
-1.839830716398895104e+18
6.482249352114995200e+17
1.585767597032603648e+18
-1.265272666612760576e+18
-1.091285633623392256e+18
1.688367036673818624e+18
4.323318815716802560e+17
-1.854657636111679488e+18
2.916279092542832640e+17
1.739293007053389824e+18
-9.702441215480299520e+17
-1.358381210582450176e+18
1.497746726376701952e+18
7.732601912666357760e+17
-1.795782344680734720e+18
-7.234026996701593600e+16
1.822382024581971968e+18
-6.404558592583270400e+17
-1.572156770515484672e+18
1.252463803167211520e+18
1.082233943637753856e+18
-1.672675209255845888e+18
-4.272948705856061440e+17
1.841455235350003712e+18
-2.921000199672299520e+17
-1.729080708182114304e+18
9.644262480850452480e+17
1.233240718223867904e+18
-1.590512370510856192e+18
-6.111457519456747520e+17
1.826959446302982144e+18
-1.001030142707630080e+17
-1.786922725999050752e+18
7.965909384253931520e+17
1.476147662678720512e+18
-1.374126708960329728e+18
-9.402580808707604480e+17
1.740667870652989440e+18
2.589850360807424000e+17
-1.842646531329687552e+18
4.600576069487820800e+17
1.669694984777236480e+18
-1.111226460520185856e+18
-1.239512407504453632e+18
1.595725409778335744e+18
6.160604080970137600e+17
-1.837086911209472000e+18
1.016658513009049600e+17
1.800655060776058880e+18
-8.054743097071370240e+17
-1.490114870938501120e+18
1.386968990792679424e+18
9.496943446902046720e+17
-1.758022033694654464e+18
-2.623165668276305920e+17
1.862509034654400512e+18
-4.645583822536048640e+17
-1.682174567257341952e+18
1.118975655755907072e+18
1.245635349096628224e+18
-1.605196311268622336e+18
-6.183461691063664640e+17
1.846828173934723072e+18
-1.021953454985707520e+17
-1.805522840887492608e+18
8.060884666387005440e+17
1.489016078578352128e+18
-1.387224495316860928e+18
-9.463131996975267840e+17
1.754665108943667200e+18
2.637403745643397120e+17
-1.855913502578311168e+18
4.595338392035655680e+17
1.672488926736416768e+18
-1.112159248624844800e+18
-1.234013645670121472e+18
1.592953905504649216e+18
6.116515912604712960e+17
-1.830497729934196736e+18
1.007558078997463040e+17
1.789224038867402752e+18
-7.976611177279651840e+17
-1.476254440914747392e+18
1.374311284001013760e+18
9.386207652516986880e+17
-1.738281505706606592e+18
-2.615009908880179200e+17
1.839348872131248128e+18
-4.567520316329820160e+17
-1.664655709478584320e+18
1.109949102999863296e+18
